1583.013535
22688.44755
357.7744638
534.9077526
945.6349
6546.232907
69.90959672
581.2126271
971.94989
1465.758293
1574.534635
10641.43608
1801.585671
1709.543384
516.203154
1270.244256
510.6444197
299.2689402
4290.938983
171.3497019
4978.340042
5291.10533
1046.014774
95.44307617
4230.068079
680.6019906
1062.834489
10452.9918
11157.42731
3395.725201
2633.227565
492.7758434
5610.87132
8487.49287
318.4928541
1158.922546
27316.0971
2051.751936
5582.280465
6791.12271
2919.668224
4073.550712
358.8392283
920.8092425
1206.438772
7867.222071
13907.79405
680.7637253
7961.131944
248.9590808
6130.257286
229.9067666
887.5288367
152.4004686
11670.06782
41105.49847
2360.890971
7467.432627
506.5189734
1493.474322
1096.04296
2711.851592
12359.82323
2398.286351
3858.94124
304.34239
7260.721566
1068.225645
21398.35359
723.6929025
99.54059285
1643.612172
120.6619267
203.7686297
391.2061994
239.2021803
327.1805603
4459.627909
996.5100104
5913.476229
381.8813017
1996.310592
5897.759664
1355.725953
547.7624333
701.6915331
1697.497361
81.36695313
6006.358329
278.9311523
13359.1135
1282.218618
225091.8814
1849.633356
3969.466403
1206.914357
6035.570532
13351.55332
609.2452759
1484.682275
1923.619054
8120.945008
1474.374581
3970.978695
71.33560614
7429.988843
16529.92597
39869.48146
115074.5336
426.2262286
269.835981
515.2333989
3750.327382
1081.600981
1370.655779
16377.8653
14704.07139
335.6361826
7661.446499
3073.074227
14081.17973
251.6340325
251.3222669
1591.826187
6869.530351
593.4139655
1077.574117
536.7300332
530.9796976
9123.790616
301.7546146
59.00508358
828.9248283
8202.028892
358.7218526
4275.254023
2776.271228
2128.562502
647.478092
2133.603114
20130.87485
1078.617823
1422.011724
438.4600844
1045.950948
28754.72783
866.6146595
51.08612531
877.5625788
5707.004434
2259.659197
736.5097674
2070.427539
192.946184
8340.021345
7787.17653
547.528422
168.9295417
606.8684602
94.94851292
2607.855823
37716.18867
2562.90073
116.8348639
649.7770355
645.228313
1042.555138
45.98464072
3169.787331
50582.1627
2623.513752
514.9483416
131.349308
7836.175806
1103.58329
46721.68365
403.5935209
4307.248471
2863.938975
1097.044511
1165.689471
1367.588724
1032.145574
478.76928
736.2991254
227.6032664
394.4650205
10908.35222
7360.624682
4942.95055
6367.85483
130.1725827
53.45272035
331.0427502
371.0315585
243867.9057
2872.349771
98433.2905
1405.156381
1597.608511
7973.216558
1009.390098
641.3193217
1284.402298
2403.705934
146.5895522
437.5205495
850.4784555
1300.554628
365.4284025
389.7275655
200.0408154
631.6247628
4013.12702
2501.368295
40414.52782
622.8987376
12725.11657
472.1932164
2078.828184
5301.507294
317.335116
1841.90538
334.9369766
1409.476944
7091.218485
2073.81614
2495.2798
2064.007924
5276.456112
1303.567646
812.6647422
238.017555
485.8145202
4386.223828
448.240303
831.8846006
10413.20372
63544.42217
301.861358
1622.091899
2192.874314
6978.659514
4488.915101
6421.922956
897.578716
5295.626709
86.13162152
264.3519269
2113.930712
16593.04042
25018.3334
2390.530382
413.2523425
196.6180096
1078.134023
7427.766875
922.5157987
516.6945592
3324.178352
1265.493152
1640.804551
412.0454677
1263.240731
3325.054676
4251.249703
316.0869968
2308.772965
3657.116227
630.362703
676.7484524
45624.60491
414.4397612
7531.682882
327.0990858
6699.702651
2710.776092
6265.133
384.0272498
10725.64423
1034.274195
1563.812252
440.5115801
55993.82998
5908.678138
7170.14401
376.8944185
6299.7367
6101.703341
1248.187282
13279.65368
277.2755669
207.8765635
3470.354344
6188.786884
4360.841472
124273.6128
5709.128089
2188.152288
5249.473633
102.9599176
226.5832609
5845.947916
151.8355637
31919.80584
7284.455776
2722.176031
423.5257408
8227.32491
1633.401492
3660.091256
90144.94722
2075.201792
3125.635082
442.7078065
634.275727
12059.39308
1440.601497
8302.340829
459.6259535
1295.916125
1538.047773
4340.22839
6094.783591
10099.1561
12900.26509
625.6945052
394.5649944
1412.164078
3605.796928
708.2143402
1227.100262
16079.34659
10438.11401
179.7925936
94644.0072
6673.166004
8311.997458
7472.115163
1417.604246
3050.315646
234.6699086
2190.364184
377.6176516
1280.550861
1744.090234
1282.675905
1462.246238
1245.486769
213.7867568
81970.88342
1400.050898
274912.1378
6733.188479
247.4375024
142.9486476
1073.988696
568.5746636
483.1608635
3198.902231
1470.472082
601.1712097
440.7501607
282.0402528
6436.276413
1005.539573
11748.89948
1030.056544
3464.260054
123.0274134
6447.232401
9888.144979
4686.413615
14497.26552
22085.16521
498.4514933
4958.15108
121.6084964
1652.59127
235.9815784
2557.681113
60326.76505
1657.42459
277.6939221
413.3114335
2117.957488
897.602601
3601.362284
125879.1388
20945.45756
116.2584019
801.7452042
1455.037658
4768.443497
9887.273289
36984.40917
547.4970919
176.9643177
514.3293674
16315.55183
3461.097366
261931.2667
89.25760867
497.9086279
4539.580492
481.9088255
2517.022129
9661.440792
7631.75799
7307.202394
24232.14524
84.63271619
8065.301694
4162.965771
36081.96844
2062.617893
2340.85498
8362.137234
1343.032445
7427.015155
2882.551147
860.3735373
7666.375049
1041.979624
368.9408235
2944.433775
266.501871
2223.828266
1389.342199
1107.099268
488.6726921
1548.575167
1260.410814
1261.437548
2829.190444
4363.088179
9279.290653
1735.767234
6859.178192
2101.84658
15543.27151
804.0250415
960.4173777
131.3627658
5426.185958
317.0496177
163.3589161
1089.745326
2301.734378
266.9951784
65.0839905
2604.284156
10189.48163
96.79696709
7620.811967
2380.804811
221.2958393
1769.395958
172.4187012
2205.507472
2818.574139
12261.21019
299.5202912
11999.92763
2521.673123
669.3121453
636.5228624
4649.77049
1259.563983
13036.98996
612.8214926
263131.3601
505.1984705
58.48610352
2117.438831
2917.921425
732.3556289
101.7354347
5052.775768
5592.143215
227.0263146
1610.427805
2054.523403
691.810111
48979.01077
43775.60027
16014.10753
3929.912071
434.2686889
314.1365712
716.5261496
555.6419862
898.8449978
397.9582089
6066.052992
166.3223662
988.0480485
62.04151966
1668.976887
1612.887764
209.2197925
400.3442817
2014.506049
3116.97888
12469.03943
841.2023462
183.5894837
13006.91164
520.1390396
12020.20158
24070.93428
326.3560055
187.4912106
1559.62483
504.1406651
1243.649461
25749.53114
434.5913817
22237.9199
4256.771733
1179.653587
243.2021396
24679.43542
2130.453738
3490.839197
14147.6637
1290.990093
550.06815
490.1283539
114.2261919
9474.007603
7767.938806
26744.83011
6267.057653
370.7362377
568.4115591
2145.776561
802.6676651
2034.351955
3801.159365
1891.364858
5135.613279
436.6823778
6431.580668
1492.031916
2286.231102
37543.21305
560.2968645
10545.8882
2512.010718
5222.845813
49400.09554
748.3185815
373.8824742
4547.086021
1879.179308
123120.1782
386.4073525
155.782347
3719.95511
194.8538122
1026.463854
4651.244127
9492.099887
222.4752683
19300.56447
335.5928167
3648.407787
264.3404533
5702.26774
2376.5113
535.9574036
79.36304691
217.5706394
8674.889592
3960.304468
1417.227198
74.46244762
1466.009058
1115.915404
1028.146956
347.9385418
71.78516631
239.6623967
7691.873415
881.2964976
19483.99416
786.1968786
82.6791947
182.4327231
8948.533128
2075.030525
334.0360835
39776.17193
4055.493285
8221.950892
647.1058931
7184.10964
2082.149093
4082.469434
2430.968081
316.2832891
44147.80828
2284.220322
5435.685331
10805.94891
303.2153614
1671.388014
1506.881815
721.2788141
375.4988486
320.2300649
1488.357828
3426.883965
5916.943348
4702.363355
1279.306483
1094.316649
522.8101551
944.5061626
4548.851218
678.4457683
3823.133325
2300.543355
49321.56768
2634.921279
102.8870151
77.37051938
833.402571
740.3034293
639.5418252
2492.051417
1774.919447
1132.116639
1281.550712
3201.304454
42438.3461
3322.222365
9801.743388
4457.591782
2943.204503
30791.88149
1604.882327
4273.609432
14783.35012
22339.38618
2607.376246
196.1615635
53693.87672
3542.734558
197.8196543
10861.32287
1908.997538
262.4947086
397.2342485
3455.188545
119.017325
1433.151072
8087.160033
668.4344893
3071.621858
1208.567696
177.0135247
20593.11875
6686.847378
4179.951242
1208.435437
88.37673782
582.8995805
198.2597703
1466.827877
156.6454919
2102.034568
21905.08128
591.2198209
732.8318356
85402.65815
530.2737546
632.7077126
1267.983995
2490.000683
6754.371748
195.2634204
159.3307708
2468.028089
109701.575
1615.000345
85.86531689
9868.915032
384.9199208
2362.451532
161.1297129
1196.586639
4524.621059
3692.423555
870.7469247
466.7064679
948.3822064
5430.802184
780.2131187
29248.11809
442.9332462
122.9786614
508.0653509
7464.033735
180.7554286
196.7474568
34479.64271
403.6731264
7097.558055
528.3918683
594.6524819
16308.70395
4408.371256
7650.166885
1087.089849
556.8853668
638.5678645
31650.28468
66.10591221
892.0465436
5242.536997
180.3619006
1305.880473
2133.804031
1614.491845
343.2618474
1158.430696
1535.79237
132.2439427
1023.322399
519.7794133
42869.16619
525.9157986
234.2690701
565.7631345
186.8791847
15920.5047
1388.624875
997.2007618
259.4888044
345.238602
1478.375543
6881.700069
503.4337735
206.4158429
2106.026276
42917.75496
8018.670758
2200.946711
1177.27611
2435.475724
1120.497354
388.5220646
241.0234417
2464.108727
923.5277571
881.9065317
161.5011642
116.7696874
466.9803125
367.7553159
4395.476788
3712.920987
117.1927231
4027.376832
8569.673303
3333.902641
15191.75029
388.0185909
433.417234
277.3987829
182.6358764
3727.730284
73357.36041
6990.059062
134.0697877
510.1926404
2055.247967
207173.5328
31542.00918
370.8175517
5322.689761
3229.828394
40797.88482
46.73170688
435.3726864
4197.939866
11400.66565
2440.640935
105.5406262
1269.709428
227.5369955
8423.631431
4618.71018
403.8490159
37493.44199
232.9719584
241.4358056
247.8631645
520.3751492
418.6819053
648.6491689
1837.563932
508.5356202
7046.203641
3975.296651
43413.54106
2481.012652
4484.742768
3454.693872
374.9201888
1415.108786
626.6389661
3600.747729
3037.517472
146.5677634
3828.134371
1144.640452
134.3554369
181.5559059
1102.204757
9330.470806
79.98206004
3542.969881
744.175088
766.2350937
11102.94253
241.3344533
663.7506865
4167.176795
17537.84943
1278.676749
14884.75529
222.7517911
309.5887451
467.5515507
779.0935754
6970.490634
1924.537916
6908.230913
2639.722033
393.4139462
1036.706869
8439.893318
2141.390413
117.4702104
180.5256118
2942.590176
3716.261247
292.833133
386.6499798
1639.458103
734.4251415
1065.866135
116497.4302
26613.27916
48859.04897
489.5995643
36706.86522
3950.040473
211.9348294
1855.657668
7551.982948
758.5501737
340.2518476
293.4191217
11816.33192
275.8710405
14621.29432
1746.677424
29181.55015
1547.675987
618.6489453
11163.06768
8062.141667
48435.98294
1184.247538
783.7335632
7722.452913
612.7434207
7977.648332
1314.796116
201.4775942
29557.42624
7097.17195
1506.281442
731.4189889
56650.41417
7226.751317
1536.15792
408.4835291
6696.941867
1840.299341
39395.60018
202.5003262
1596.648868
43280.4637
727.9152702
1128.167304
7813.098413
12289.15335
684.962863
7165.623041
222511.1599
3787.050244
14415.29783
1128.015689
3269.059801
2429.408937
309.7208062
10939.58942
1832.869712
662.5831818
4202.171885
19836.64317
12185.09793
8608.331704
1932.546777
591.2176764
9213.621296
9309.901069
6052.158639
171.5051152
402.1379382
201.0091802
338.5166561
37763.75283
24307.5251
12257.05731
1618.051378
368.7666241
18504.60133
133.1519128
161.6476896
789.6162307
76.3734233
2456.552456
890.0334476
628.2141589
4001.505093
1486.1355
343.5120509
1203.106524
921.2380782
4627.205792
3411.607334
6432.645737
4647.16416
1111.839656
1186.151212
5121.620844
7525.569105
14291.11919
794.2253725
14542.17403
8971.243776
474.7430737
5358.31547
96.62231631
117.228022
10221.30945
13793.83961
1441.874909
1843.272542
3084.699117
1597.822764
12080.86739
3222.868607
1743.162343
46498.74469
11105.7828
11477.48607
12159.9381
15834.61453
1421.116364
1594.901549
31589.6905
3933.383428
6942.339305
338.6949487
45855.5712
245.9116012
8461.196167
41184.72083
7544.600899
12756.22577
13197.95712
1224.42817
244.6333416
2555.969166
170.9913279
405.4112737
25592.26848
573.1152677
4206.6962
146.6969646
3877.157708
4930.814085
304.4783289
112209.1602
4078.110969
24629.4823
5782.139827
391.4418269
134807.4624
1145.178296
20482.22987
243.9317381
4416.909027
4604.766943
2471.495911
69.94342691
3384.470613
421.4909238
78.22221431
3369.051807
438.2306596
41358.39312
380.1691449
6350.954893
979.7136659
458.4156085
1532.598478
5380.898386
41239.11946
336.5943692
12061.36547
2021.957083
3357.382512
196.4835629
230.1461682
17776.48274
2973.157716
46379.2437
826.6080588
350.3960812
49040.9932
795.1492867
2197.031994
45706.20809
3619.802979
3922.748271
1798.349099
268.2067823
1443.171519
1212.451397
172.2549092
286.5585758
3818.87651
282.0082656
40290.2327
3962.620843
3655.134119
4859.602785
1878.130468
6954.999952
551.683898
1972.01502
77.96819112
2473.932522
11299.2846
2408.831484
864.1949299
6851.458053
344.7315755
48025.70734
901.2298091
2515.224601
2536.19584
10831.86174
3350.084757
10234.90461
1296.413183
54.09432972
2456.50923
2304.184855
8178.758949
10933.68695
27025.34571
824.035127
7497.548709
1777.288885
4266.290474
1898.087682
93.10872623
535.896214
69.16994904
1700.043966
2079.181337
4900.409979
682.8742722
3057.830766
15823.42638
697.8606865
353.7157652
13012.40107
14505.52259
3657.650773
206.2511169
11899.41788
1120.359849
1592.842159
291.1533009
2377.836483
1725.386146
22142.8177
2378.407155
7938.417857
4092.420198
943.5150219
587.9625464
2598.902538
4085.451812
21773.23935
44338.41064
507.9623803
7695.434561
42816.1655
1148.715457
31275.53798
699.4498758
120.3581083
7155.736107
3901.173655
7878.083084
27536.33956
19445.3989
542.4839136
2856.11502
40708.12042
1741.122403
5387.091078
3033.445078
1609.273256
49582.12197
242.794184
504.2693496
5519.925834
9035.879872
252.189753
1470.615594
1187.191909
190.3376507
2279.574156
1643.249437
130.4962087
2393.535382
1077.333218
199.2534822
3713.1383
49732.47382
578.752827
183.0511544
37933.92466
7383.704616
2820.667463
3740.827489
37710.17209
20049.45648
402.8870946
304.7394721
4170.556161
400.7308351
29186.79041
808.8343665
1551.64102
3858.67198
705.7920867
2461.744809
659.0978303
1180.781471
972.310733
6187.992633
11816.10702
8129.245061
347.5497502
792.2003263
1255.251947
1694.626163
573.0950312
1219.950725
3523.178076
1507.671777
810.0808277
3756.218702
22258.31939
231.8439484
741.7296896
11005.81795
11798.72898
8633.585439
8463.279424
1421.900045
382.6136003
6475.978828
31374.16883
7435.878881
321.565963
908.3370139
353.6334812
1027.622304
2298.536105
828.2843761
2245.105038
84518.57584
31263.86687
708.7850349
46698.19273
577.2360796
435.000971
2390.953112
1495.066139
19229.347
69.74778454
3543.142115
7246.091679
19126.38436
1170.847608
326.0126873
4391.548882
639.6283464
477.7509682
2018.80955
1863.594379
8259.387042
8455.574044
725.6181907
16210.60547
21170.2688
408.8642508
3243.819174
346.0516777
682.4990552
6000.705269
255.6598809
9495.035018
5766.155492
417.0133987
154.3942419
3340.751345
1246.484072
44886.5357
186872.4445
15810.88597
112429.4373
4840.595179
3613.602209
4123.431552
1311.856633
418.6814711
521.4251243
151.262257
6029.609947
3200.824716
8765.968538
127.7688127
163.4626764
1687.084703
4296.585686
2652.883006
174.517296
1116.282531
5266.605103
118.9729711
1944.205756
200415.0807
2168.50244
790.540916
3510.283455
42.51310229
7297.853695
73293.44858
47629.63842
820.7934091
11177.58578
7700.933767
3561.580765
5338.310834
64.66456818
426.7113324
547.3186596
3184.486162
441.9950717
147834.3224
732.1950916
406.7973045
592.0045223
193.686773
367.6148258
8448.16328
145.8367626
2242.126755
6578.033337
2484.181048
6007.021437
4059.622243
161.7716177
4340.244244
7496.416524
295.7278989
4373.222355
13752.68976
1030.003574
449.6561284
1630.620601
2217.834255
1150.767055
209.1425884
47356.65991
114.7857179
2083.976324
211.8456184
1094.030457
9766.72054
25968.3592
103975.8646
46983.6321
6945.348091
4038.350341
97690.53857
7340.954087
935.2518563
289.0824279
170.4838247
9193.358072
4392.129337
12892.17496
504.9647415
254.5046697
319.3643161
267.3571013
1654.907981
15275.31426
13165.02265
47595.27053
5158.568027
57.38175133
103.7615166
13545.33861
48.41675674
11375.96861
9406.786205
80253.24989
49377.59932
1437.179865
490.0293293
240.8791311
593.1435449
3074.179891
1402.011196
662.4717321
4991.48604
1024.705768
1450.096778
146.2906939
307.9358233
349.2900227
226.7192705
802.0615381
5686.02383
6720.815932
1129.780252
24536.85533
3119.150436
687.3972122
527.8496046
15466.8535
799.3663228
336.1917153
544.7520723
1025.462498
763.3227376
556.7508172
924.9207025
7253.904882
3403.581535
4106.319339
11332.5759
1443.346306
1539.414752
8241.58187
119.8711009
2165.793477
56.85257403
846.3263187
4696.841982
17624.31188
483.9002936
1271.604949
632.67385
1310.83182
264.1130944
458.6477687
248.984852
23245.41075
202.0043518
3309.889634
587.8369014
14329.11379
668.1647319
330.2647515
771.1013172
688.9709928
741.3515979
85352.09338
265.7120604
6392.039695
268.667076
152867.1487
2105.249102
326.3511133
1302.560958
69174.10633
306.7654272
954.2416009
319.0669753
117.7305837
49398.09904
143.8803441
41.1756983
7048.668283
3803.106516
596.473283
1590.295383
493.0992074
473.9005684
5606.468413
1978.692239
714.2789778
19913.23145
4758.021161
5133.444335
389.3120658
3350.36124
356.3505775
8379.059652
29760.7026
638.6726889
96785.98519
791.6378465
1293.42031
2419.0401
552.3645625
7819.206479
3923.719982
2442.631575
5257.736863
1201.337056
7245.946535
6212.706778
172.4358884
2155.621065
178.9874845
2334.261389
574.7711154
4711.233549
690.669305
2674.732207
41756.8786
4059.216795
371.9017752
56500.77853
12968.24333
133.7751522
2614.419785
13935.30818
7854.589384
165.0539166
3685.315558
1002.07588
540.2749271
11253.82453
8376.47417
496.3607092
34605.84872
336.4234731
336.8295692
76529.00885
10807.85226
383.6591375
2240.661404
1184.5333
16963.78228
142.9853108
69.07454118
11236.68406
221.8543766
695.9249496
5261.627249
524.8543002
2188.273795
3907.707481
349.175698
6728.854023
592.3822131
280.1837407
47705.16392
1727.41844
2405.66514
81084.33584
897.9814682
538.200486
50.54426419
11474.62781
272843.4537
469.4073531
4122.808951
173.0892503
524.3164714
3070.934213
143276.8727
39833.87311
3363.160901
1255.745723
5666.963813
1164.273033
302.1146865
982.2194471
160.6751866
55.8361722
231.051651
2783.870544
2380.84825
72.90959819
42002.27572
1879.812199
542.9128914
4040.992966
8779.089199
1304.345019
488.8757568
515.8954015
702.2615075
1102.223145
1455.691556
1535.270433
7736.57153
1775.092964
30474.81364
612.5453786
1612.721085
9224.864704
1197.576562
429.6194761
21370.82097
13897.84906
1000.544
496.7042099
340.5840227
259.5118237
71.15612324
2472.550992
881.8486278
622.1073107
15075.32308
359.1970971
33882.13783
283.7084927
1243.034198
1007.368493
109.0872381
5316.896169
437.2610451
5005.37851
13461.44005
1082.742627
839.4448752
7248.876289
14923.51108
7519.678093
11491.77359
45686.16351
3866.192499
6489.24374
13928.19748
302.1721863
2631.147948
13345.49633
84.8428198
19966.80605
1513.506748
2975.051158
9323.146965
2054.383722
68.75136622
205.0658128
102920.5801
8128.174337
291.8269112
4042.836012
6104.829583
1231.215103
2143.769026
633.5107098
41254.93826
264876.5722
250.0076521
1956.150387
2976.881002
344.6762292
7389.520026
3527.519429
3215.374709
37892.45981
443.7520232
8101.286948
3065.073994
520.8074606
3263.873148
228.2891426
874.4583195
722.1555367
1519.598896
183.8372134
2459.992539
8437.129926
411.7616953
6585.585979
1543.169353
2198.322792
219.6140822
411.5379563
8561.622621
3520.158253
141.00097
1176.567481
420.8032901
2539.303528
371.6539717
225.2672907
777.0358807
2582.092559
101.2595273
2050.671237
1166.366546
3048.24237
1804.619782
166.972494
340.8076405
2823.24401
368.7320733
104.8039844
18163.95672
194.2120112
10051.27005
840.8581811
1069.346057
95495.71816
1706.404223
2578.63698
3296.726212
72085.35308
704.2615142
24848.44583
113953.6471
1997.978059
10375.29797
968.4563297
2825.480451
12455.67961
1054.263252
5612.265393
5030.782846
21112.36121
882.9252702
181.3176237
13736.68257
301.3011764
226.4013083
521.8328166
277561.4492
383.2350261
2984.19603
14769.08056
40334.08418
1792.265995
94.27326
243.1837842
125.8232051
372.9894164
3115.555453
8474.272612
7326.62127
4166.755635
4889.675749
14262.68955
201.95768
16501.03529
242.2171247
1134.833268
182.4752039
315.2633147
2510.537911
7787.922388
1405.620058
2147.820948
2507.965287
5538.474994
1018.725316
1451.68974
997.6131682
1138.701978
773.0637954
42107.84933
40872.35846
14838.96095
36000.84993
286.0820017
2284.35337
404.695361
11320.72576
2393.239799
78674.70847
10390.24333
1681.542361
309.221144
272.063853
318.4325104
3570.810151
730.971423
10099.77951
130.4272109
242.2647091
242.5132327
1141.924216
468.1599098
38808.42744
1260.299706
177.607258
9580.651772
3787.65245
2641.774599
14262.93444
4857.828742
2346.080767
9860.233165
10559.57535
42458.20156
10526.86522
1124.349808
473.1309682
5436.631136
225516.0368
866.1316892
11145.41932
415.8070647
45120.24254
66912.46821
1518.662616
4583.472535
1441.401131
6955.925834
122.0990123
46406.88587
1754.878676
3723.422935
67.57804258
964.7399587
6133.449875
699.0669956
2927.840475
172.5134297
3087.527848
33574.57943
3894.059044
285.456326
2575.61226
1033.293444
97.72628016
113.8487507
978.3789331
94.78114811
8352.499509
204.255861
20953.35467
603.2975523
899.9886384
5758.828606
7680.91271
16418.79495
6373.855997
5652.514781
888.9664917
47.3336693
2126.918307
2398.008383
165.5590196
315.7683348
467.5259366
5252.12012
2408.103801
415.138392
2329.385339
480.4767857
33104.04993
180.4705435
14660.18933
2177.882135
640.5097169
4222.932927
1520.14232
107891.8526
45366.09879
33117.09167
15148.2379
838.2026659
3112.185255
532.1782486
1270.481185
1058.727697
235.3602174
2479.203499
343.7159784
12762.06237
4197.309637
41128.36177
2197.357916
5545.320298
46942.95947
1784.532944
343.735752
34175.53174
11411.44605
1614.044103
224.1450841
712.5753032
1077.205856
963.0374255
2251.226425
12976.88538
732.077137
1390.77052
3033.07189
3877.8037
2243.249415
602.5441542
7081.73289
6931.008734
2277.26275
13711.69181
15024.75439
10044.73065
4781.079427
1792.34384
680.8911825
5014.303428
714.8441678
296.6573231
3023.298866
1183.539879
6224.871189
159.0089982
3698.427991
35128.48208
1062.477092
1798.900822
8119.696034
1998.409519
5405.334111
2163.934664
26155.06341
541.0575363
436.0877051
1163.39534
252.1296762
832.5175747
3061.348701
1493.641369
522.5429587
8132.113603
258.0001772
5998.195522
950.5335428
38311.3992
1817.356808
102764.2909
57784.76728
5303.150489
969.6912635
5249.940754
65.90930442
45967.48069
292.8210163
353.2946434
367.6007382
894.0179059
387.5827506
2113.738402
53.16470619
513.2522652
349.9984321
13253.56134
1280.6105
3981.064018
350.9176681
999.6957909
1206.122885
92.55327188
218.0841824
169.7817203
1864.02233
271.3575382
17521.83087
21147.31495
325.5283444
41162.52638
243.7880654
415.080971
295.2684292
8939.86966
486.5130873
256.291726
186.9189339
216.2527319
2000.105048
1324.88174
165.87432
11760.95112
13828.22247
1644.669347
6091.322235
1801.873524
1109.317982
696.0270833
1130.710928
1467.419073
345.3819715
56.89711997
68190.64168
5074.937734
1827.109037
3340.811546
12339.19945
44777.14732
67622.54395
375.0379539
4189.426304
3975.299619
12463.05081
6084.76148
5579.977688
2802.461731
451.0483082
571.6208292
1712.569907
4588.800812
222.1093325
311.3966596
4251.032282
46827.36216
198.1297866
1239.451977
2975.779371
240.4138325
938.1232545
96.16658216
187.3482769
47646.45554
269.3270301
7260.25255
891.378331
254284.1994
209.6521682
967.6623164
517.2811772
433.0695076
479.9913774
297.9965464
4235.845272
2953.186678
207.5725704
48.98252153
41113.72145
927.1547972
65.74097588
205.2438531
419.0092841
1506.739558
132.365628
1128.809349
1338.686916
6382.501101
32218.66662
21330.08909
9053.509184
1208.400945
511.6307709
1271.434311
887.2853809
1404.0505
1865.165139
181.5334066
65.25419186
145592.568
2672.199872
62.99654241
2601.638161
1894.522663
23664.56575
92.79059662
1801.281168
53380.58244
2875.659554
885.9080943
43929.21601
11195.82762
340.7115464
346.3613815
13353.79423
36860.42578
293.9686057
611.2693696
19085.77028
8084.421555
43.6972026
498.3118198
1131.453362
1271.750827
1439.300031
74.94931845
2153.208112
389.7442297
299.7777247
1455.239597
8733.196835
2079.545015
151.1561456
3842.046897
42671.22441
2426.984549
376.9911321
654.9009829
2344.555455
654.0567699
10505.22248
12157.98381
2076.11332
344.6299972
779.1789385
5608.497476
258.8179843
170.223833
2460.302235
1924.050555
1578.559359
29383.39762
697.2666294
818.0637889
7674.955859
1965.899812
1759.355369
102479.1151
2328.87523
3575.53954
1369.239261
827.5057509
45961.2656
1619.495213
208.229817
8210.402982
7114.929036
360.7103442
778.1497602
1174.414042
374.0936993
8585.941818
528.6205721
54.78799808
272.4959179
175249.5192
2436.687611
1623.472316
534.2486217
585.0129361
179858.0796
1712.960861
67581.22778
206.3397952
11773.96201
310.9842803
373.6633012
8261.329419
1115.574481
2442.376794
94212.08536
1303.945434
5193.924174
1886.806395
328.0907995
89923.00514
1836.196521
36582.06754
22616.56221
675.2175907
21401.10264
1420.961682
202.7113628
483.8671202
5482.963362
846.1406828
851.1430761
3918.289479
966.2573398
438.9599814
103.3011089
3099.519483
1059.190621
7796.154568
7137.172423
1518.46936
3307.118539
4916.358679
11418.15941
331.0949862
1126.048563
1354.533042
6650.064215
1210.023053
1183.465519
1632.377248
149.79723
1919.698691
1382.121513
1347.649375
4316.497276
1115.799577
3739.991043
1288.999535
408.6891551
1194.183797
7682.351133
2279.806217
257.1810402
191.8346374
907.3078024
5359.699481
1792.643232
951.7343871
303.766974
1937.151154
416.7619688
425.7877008
9488.460454
4042.992316
13937.96621
1614.454088
331.4373425
1277.560685
262.7226605
10019.86515
82.13285004
11785.31306
1095.036235
47093.66829
626.1902666
725.5396227
726.5533582
6651.545532
935.2862921
875.4355241
449.4175339
1240.273305
1077.029014
2198.213872
707.6438055
6209.932557
7048.783375
1688.665748
766.318112
6974.800893
13630.22324
218662.2295
1102.995298
244.4734689
784.6345301
2828.047461
205516.3142
2665.489498
647.441194
17000.21404
1286.884824
733.8366523
1759.743554
3258.316689
15024.42649
7461.323078
12143.48783
5492.817873
331.6238926
642.1454803
308.5227458
581.30182
66.25483467
7626.013377
2502.388449
1580.397422
587.0002736
3316.488342
812.6724908
49392.79166
44289.85915
39653.20064
950.8090396
1275.015267
2659.182391
467.354768
8256.857151
728.5875213
81.86248039
307.8063308
5987.203996
422.9649174
1012.79552
39117.74802
3544.769929
373.6267082
382.284614
39228.31619
1292.876813
431.1369424
4231.853047
819.2407813
5786.27777
8977.656196
601.3664662
515.8006075
315.9778773
3460.314243
149.9564322
22558.13401
12934.77734
1026.907156
81.65567757
45396.85902
43649.00512
2356.722545
777.0434662
22495.34904
1645.665226
1053.670075
1052.283943
1135.269614
1710.920056
1191.077115
1827.579939
695.6386505
2747.599049
1703.062986
5045.997694
14879.2242
419.844775
442.418416
902.1609799
3923.278405
465.3583266
3061.248029
263.083834
4352.924261
29789.91777
7362.055765
515.764033
1221.105579
854.8783046
1934.36292
31751.58049
13301.76415
1533.502864
800.2794362
7780.743299
235.4838974
722.9990245
3525.578614
1769.252536
20365.46385
920.7798767
2928.135062
19357.84093
896.7066055
167.0449631
1184.432825
243.7101533
112186.0424
1298.275861
36273.86709
766.2473629
125.5532993
242434.3986
1336.992934
2224.545194
2952.905139
709.8468682
8684.506851
325.0714618
310.1448691
19211.27937
5175.582811
1444.292635
112569.6909
340.2417767
217.0411093
40581.82043
266.5987614
6569.299882
7625.342366
139.2847048
14438.7423
1066.965405
2968.728582
1466.236144
1032.791931
334.2671702
349.4500374
1030.632558
655.925649
42859.3863
6150.997588
33750.13361
3246.992542
51.27194399
1250.797763
354.2674577
252.6433747
1383.669254
495.4052796
185.9187464
22016.43468
1353.627345
22945.13079
753.5575575
8907.2469
70.06713871
4084.755027
561.3087097
1198.871634
6445.302691
8431.231412
836.5790274
1800.008293
130516.0538
1195.343908
55.04131359
4235.738778
375.1484699
806.3283761
17760.73382
796.9203851
2045.185168
2131.841003
1102.719301
4041.922797
310.3295019
2227.062786
121808.9531
8269.962412
2277.617617
356.9593476
44911.78173
1204.609693
5084.165402
697.3930919
1300.658069
1558.476184
5060.011575
566.0721494
45.07915563
1678.121901
2926.970979
2319.159362
472.5420804
8325.858445
6176.335032
1917.558122
655.3729338
145345.1538
1100.565466
17440.13963
293.6170575
431.9604083
1001.964467
1176.195087
2519.725604
35412.11721
5996.210627
2527.174698
4016.063608
1063.217485
417.8589275
4145.51783
1275.123741
283.0346433
177.4213817
4490.416527
47234.7424
7752.087353
25322.75821
453.5862642
1788.007278
1338.770138
202.3457595
11105.29763
21755.54389
293.4262399
8349.487753
2283.909474
51.27241607
168.4509995
154.9890522
546.1527834
625.8562703
788.0609786
737.5095335
108245.7035
2314.683478
80.41685531
15611.31233
5361.683546
65.11655561
362.5839783
170.3145296
1221.761764
8566.254461
2214.564325
1956.398019
21739.98028
262588.5624
16545.37567
11201.48227
100.9742166
15550.69762
775.0234875
5259.821841
236.9639349
24754.34069
18158.32938
3096.479073
12676.26066
1257.098483
1095.419871
44.22978585
32033.96975
2336.701551
378.1435628
1840.574909
1037.846274
95.4296752
4709.10823
3637.311673
8800.12644
10990.58017
424.4390353
1670.350641
14886.56179
2659.346808
99.94714786
329.6864421
6181.171188
5218.135385
1589.250372
213.9342782
403.9894575
27331.17793
8260.479472
2605.979902
1596.308598
32623.26362
839.4941013
1041.166742
3235.746595
386.2465234
6640.326392
8798.15041
303.0452681
614.3021029
2281.444808
46164.76334
6984.185721
5555.969952
260.718474
405.7959458
275.5032834
394.9946086
7523.044524
2549.784057
3268.456861
16465.06959
380.5674954
685.7227898
111.8815052
2291.126007
160125.0318
26324.14995
4863.093613
6695.782014
1227.077924
1471.563595
27635.59443
2758.478337
996.3641721
13210.13758
2209.087995
28218.44344
1732.572086
8310.174899
3753.813641
1191.527703
22962.00895
97101.92996
1293.17718
1563.412509
5103.825694
773.0261445
1702.075882
190.6243224
2184.777724
738.1757138
1690.282208
45877.05368
345.0977432
7245.319995
1059.375731
968.0340925
209.5024421
3255.970747
1833.437636
1297.069769
40290.32784
640.252911
1420.102845
4521.505364
302.9864071
101.950065
34073.89018
287.2149231
2175.137896
3814.756246
4238.302517
541.3036055
1624.824109
4409.681287
7875.045188
1110.275952
38178.42837
111461.1841
470.9499516
3384.023341
1028.150926
623.0817217
415.3842111
410.9180794
155589.2536
87.3187546
23319.38177
5481.796639
1122.525653
778.3063061
1341.840327
931.7569536
319.5746551
5603.211194
2000.679058
4560.871024
975.2864664
3950.10796
426.8754132
627.7522936
3258.998836
3106.126526
128651.9907
3014.096469
7990.236167
627.1103933
4873.147959
3530.441636
376.636508
1471.614081
3649.964174
1279.547092
59.56031083
2112.049408
692.2687649
411.2501364
721.896966
1574.545553
535.6688059
3239.106821
375.3229693
8635.517842
574.9475927
2974.960885
769.6668619
996.1089442
633.8481746
1337.707465
890.9318726
13150.7777
2986.258497
1168.835726
48721.4282
2279.184104
29237.63286
1084.635205
173.6774315
66979.26521
6087.624933
1778.016906
1822.544982
1078.496582
2637.316686
16468.90734
945.2261349
2115.07694
28356.01954
2415.484707
1341.610778
181.7856305
1656.692464
6652.811638
5776.630351
7175.713871
3436.594444
688.3269468
10421.57347
452.2906066
1316.893596
4234.845401
695.4558264
2620.285731
2033.114148
28342.29079
1420.840673
31787.05666
1952.960362
1895.636809
378.8489838
5352.519419
1526.830631
83.54628412
584.4736917
8904.988938
102.1670704
6670.794692
160766.009
665.8441427
29870.14021
12176.02433
228.7852791
3447.696248
8755.881058
676.4898847
137.2092966
326.2379233
230.5469279
139.2164498
2074.750728
7870.95129
53948.96444
562.001424
1206.949843
113040.7043
1993.345896
2151.977254
4261.140051
838.9466967
60.71327782
1132.029863
1423.431677
3209.20052
7124.27362
10821.67063
9980.664591
12906.94636
2635.269852
7538.209461
2384.773136
1348.005728
211.1041112
4397.267546
3159.778824
7592.480709
37400.61653
1662.153578
1299.899204
261.2088435
2330.562362
4654.191854
261789.7039
15063.2782
8564.641348
1063.584026
381.5108715
120.1341306
1946.611297
345.9633585
569.7043337
3661.923596
11953.54081
5944.6817
816.3309738
644.3780007
1641.609172
672.0743146
222.8957967
255.3445478
452.8848509
19591.36351
468.7040951
159.834352
12443.94253
1438.7287
1312.034717
1234.658748
314.5266434
376.6074175
2913.885954
2916.775111
75.50717217
3277.539619
462.4601652
7021.619547
888.8371659
1246.452924
2475.184772
375.3249543
9632.91531
353.9971717
8064.935126
1197.116938
501.3045595
210.4673077
280.41933
2350.04948
859.3391974
367.8189495
86.73279307
571.5282206
49564.32408
3618.446389
6059.081005
273.4726492
1782.727511
9403.158023
148.1025898
378.4443525
2017.289813
97403.07541
439.4367645
41261.51984
257.6462286
1427.565897
549.7080998
27400.51822
550.7491382
8665.459919
20713.8546
9915.99936
1333.434355
12500.91277
440.1405257
916.7904642
695.7019956
542.2586012
280.5481585
302.3037394
207.2289586
13329.78702
1603.047957
1338.290376
776.8127824
724.4782243
9498.730548
299.2381596
2217.287113
5234.866678
1663.943466
2141.429367
690.0631234
289.667004
1110.693601
324.882354
1906.094631
1058.31489
3379.478664
234.1045947
449.9954508
606.2784028
660.7307703
20834.98756
6306.536998
1897.701249
1257.462168
3059.691038
744.7762116
621.7066643
360.0126684
680.5429726
982.2423569
32184.7056
398.9323064
851.399613
2878.658713
227.1071439
128.6076171
17935.10342
987.5000534
347.1000736
14565.64438
18046.37023
339.6030401
1230.557007
16221.84436
23605.26117
12625.5355
285.9775005
912.0101645
3378.901284
2081.437242
5536.816445
99248.21365
1102.412941
3061.94594
36431.13071
9290.175315
352.9055375
999.2372702
47663.48224
11988.21538
7628.993252
623.743113
6936.004384
413.8354512
8118.414085
1954.414497
231.7031971
48.11984753
642.277483
44966.38901
9165.653202
28041.53108
196.7504213
1149.686431
243.804019
5485.937927
69.55285316
3606.482297
1099.77983
731.5334568
701.7855144
696.7187105
5104.86823
3988.291611
14915.63147
274434.6029
23153.24941
483.0610599
925.1125566
616.5765225
102.4753979
537.8508926
5960.469139
648.9941928
283.6500346
916.4004272
836.9648427
5867.87528
861.9497501
1491.005574
5368.697414
2299.613447
1939.027916
2182.313631
842.133077
275.826894
417.8010999
171.0977706
6389.719933
9158.374856
190.9491182
3570.047935
21540.71822
81.39767748
1373.577519
6098.75428
896.2532169
175.4912599
10829.85365
303.8536338
14864.91371
9801.104764
707.2713726
484.3691489
34974.84276
3223.025307
3139.310263
104918.3727
5294.645159
370.1920264
178.6026392
5157.891603
914.350876
46740.41214
6064.629542
25518.12295
22277.39485
36497.07975
375.0842336
5109.840241
151.8717335
456.3681854
8519.567019
9848.376655
157237.2509
100.7276275
925.0742947
11063.11033
7821.58033
12187.45392
5046.704987
12147.49482
231.1757944
1894.937965
717.5165365
1067.342889
453.7998507
4528.184287
1274.085436
1658.695019
4012.108589
2036.308112
44042.47247
303.3005237
496.8084843
3540.618218
2014.495861
3206.332455
586.7152895
542.4446494
49296.30164
20554.14929
765.572979
357.0153743
4126.198897
6480.668885
6435.92497
1047.598842
361.9060076
316.8649591
249.1412187
72.37777769
91.6656796
1634.304821
534.8875025
192.6025914
1961.163375
408.8408882
9010.690992
7382.930529
8928.283739
113537.3781
7594.262443
73893.53101
776.773965
11113.56119
10230.58284
527.8180464
752.2484441
89.03076934
65.24563053
1482.795658
2015.664598
2195.202055
1609.190687
389.3287099
1563.022914
7275.499852
394.9768631
826.0663002
332.6268213
4036.8413
625.1703622
382.4025291
368.075576
823.0811168
970.6043945
13933.07357
232.046752
332.0815219
4026.793671
8472.158826
803.8284211
598.3651734
3276.241621
695.3898196
2205.798826
5685.410634
495.6729689
6739.945126
2393.725508
197.3220064
246.6756943
2304.595628
918.667363
133.2933575
433.424094
34263.31091
582.1862166
1460.629598
56.27918497
1792.322913
4342.246524
681.4738765
10033.9864
391.9744287
2759.813756
28114.10399
1041.996339
142.7496377
307.1326414
18511.71057
48263.20519
38161.77261
27584.61669
195.2183111
355.69782
15761.8114
3128.547803
382.5838306
579.706026
299.9715851
220.211288
316.1233605
147.0697085
293.7335056
2556.704441
1121.923458
2333.129375
166.1018326
127.2069255
188.5018357
49793.12412
1026.98135
324.7653286
4406.573452
26692.81107
6133.527893
151.5288788
19638.27297
57.14909756
295.3800396
1943.120548
238536.5572
19664.51719
1970.474858
886.8663169
16583.12146
122517.8626
953.9742712
593.0810305
2291.503877
491.4040723
155775.3179
709.9613986
404.1066497
428.9841792
4582.738846
1896.931842
1125.635229
1606.968977
1254.968082
522.818527
1190.050427
464.8607528
278.2007786
690.8845551
316.0108408
116.8229155
743.0796009
6925.807822
342.5336773
395.42204
282.4466225
195.2907827
431.4569169
187.2510037
96437.69911
3180.60588
880.4471713
101.544654
1199.781561
320.7409019
199.585322
1911.181327
1004.58368
3230.93324
1388.985413
1461.119288
4086.208138
1693.464136
210.0516466
474.6813694
1770.230902
122935.2214
397.2151594
16197.41204
95.63852836
62696.92596
655.3963855
11321.41694
868.3917273
435.2136625
7146.330499
1512.916529
1210.139062
429.2921019
8509.902859
592.1570156
4090.918922
3217.748154
3015.472227
8014.498526
1393.293491
507.634455
3843.495695
42.90524798
12220.75319
8344.21997
369.3704389
8156.886796
176.3327498
702.3951801
6245.079943
1584.167508
785.9893118
276.9862215
240058.682
8889.791431
3037.269463
69.20306011
23324.19921
135768.1324
189.0084196
2567.372319
35460.2174
7902.079308
752.3573878
664.8693075
1401.741713
469.4170057
15750.95782
123.2470883
311.4685485
999.6828582
73916.4558
883.9733529
10384.43041
145.6375053
249.5965335
35980.01091
2485.914441
37667.72548
1691.922184
1115.757981
725.7442024
10391.27539
22492.73983
12022.93656
218.3887476
179.1029198
1823.116979
213.5238369
13192.97899
4074.931623
1217.872519
5441.080019
276.6519074
2040.539488
1700.696022
1533.949038
6379.728035
2096.24983
392.3547333
242608.7811
7033.535094
5634.321822
86.30704982
15129.55139
326.8382626
3129.473835
979.5844166
46.91830084
2443.984484
1254.068184
1867.504296
203.1183126
2831.362616
55.64425627
611.3301103
114.1186063
496.6665437
867.600211
2092.446378
24890.68399
1457.160119
297.4618715
915.8759111
4084.936955
353.0759369
182.1915538
1367.90373
68.04112131
6061.841554
137.6320167
402.7602265
514.3536056
1258.514155
16539.4624
3632.578881
661.4075727
267.0828957
4230.872964
8272.994645
885.0623588
229.7145244
1566.027766
44623.33086
213.3432592
1239.423916
1480.210839
13506.03545
405.8159299
372.346977
18636.99603
3914.019977
266.1860315
137.5179336
2428.071394
1508.061371
4511.756521
184.2766873
540.8071418
4579.210275
1059.775153
108.9814528
303.6699068
1471.323543
119.2358122
616.9965185
1462.143264
1968.305092
114126.3005
3865.706578
1879.029095
26145.45345
2259.767388
6964.644202
1799.644866
591.151081
209478.2415
4305.572376
2238.394615
1455.264888
1315.069615
346.2115881
11625.52978
477.2873992
356.4351082
64.01301876
804.1924413
1001.183171
381.9465388
23866.5937
2308.475313
10664.14535
6860.49194
4097.965048
1981.718258
54.77485572
86.74919002
8085.937468
868.9169631
699.5428386
37833.99384
264.9058435
2741.336624
46282.60881
371.0570723
112.8950223
427.5563287
261.3777912
591.8798682
338.1551788
194.4120305
170.6409657
1178.788812
243.537115
214.8295667
1588.619218
1342.253595
22531.0601
106.1818632
20101.33728
80.92648963
426.3016017
792.3743212
475.0018112
1993.110655
1057.711061
356.1255654
2489.032224
47809.60854
8600.689439
474.1291345
845.5968179
5171.921902
3347.844823
2106.354891
110.2516631
7183.540471
3383.692164
320.6714696
8975.123569
341.3472843
458.8760525
1170.514918
1364.575446
1970.316522
438.7498415
935.8281753
29422.2181
36272.26855
6175.940797
265.1935463
12890.06276
227501.905
16517.08812
10644.07911
2062.537916
3885.667771
396.9007093
1255.658399
689.0580447
5262.156935
609.5090404
4103.102506
4268.844541
436.0854899
49772.99014
106.2616875
4010.297445
5033.732191
3539.483839
3946.346794
1569.02203
1174.27803
5390.967801
422.7895626
197.4317534
38589.56075
548.064307
1999.059556
1050.626402
286.6693747
22314.19952
4976.101864
99.95433439
1089.860577
671.1358356
5129.106921
766.9786469
15677.77929
316.1300289
49581.17986
101.125687
138.1586214
14571.64886
969.4563345
8701.87967
509.9390726
844.2662773
2661.272335
2672.497501
1419.460416
243.6179572
3488.808474
478.0815131
3870.677043
489.2936956
4732.887876
923.2790952
555.6419201
1638.99314
2102.411481
1115.553987
8977.352853
11348.69695
5737.007444
2991.681421
1333.426759
96.19836262
1325.908303
200.2056046
706.9717098
210.6884129
151.0701176
2477.080223
1365.371883
2596.871445
7035.893088
16940.01249
9640.93511
232.7974536
424.1519626
1214.280178
1315.698253
760.3172854
563.5552421
4165.154635
10888.13862
1350.897308
96.43923624
1690.101071
14838.85461
310.7240706
4826.919911
30503.63436
284.2493328
6521.638361
1577.806346
1099.624186
172.387501
2774.970817
4309.000218
344.1223875
3676.114979
4693.775808
40468.80719
1673.772742
17135.36088
446.6429986
1348.092283
6925.341304
884.8951501
1011.111824
664.9689269
788.7141494
10030.69837
6210.698202
3156.653573
2296.683289
1080.0759
1069.478552
284.2368231
320.1997318
562.0046314
3316.343045
206.8500316
14473.27735
4746.628983
7218.262587
6622.113539
5281.319632
2077.124168
314.6733245
6404.940627
6128.808592
519.3928627
2666.494838
8479.446662
1387.699101
2133.024024
529.8561944
481.5705119
1326.198285
98.76764639
44938.6671
1397.465868
1767.241625
943.1068689
1070.026054
19554.45665
331.2242895
2247.636376
48412.25061
1271.517536
1907.154003
45724.30565
9828.800242
2973.063839
1939.836428
615.5098284
86.14626194
70972.27353
637.1532355
433.845971
190.7765098
26602.3783
3926.393638
5195.987906
13564.17097
6039.853928
21899.23379
4755.832849
1055.454691
755.3034402
1256.713498
371.8849032
251.8087645
2674.286465
651.8628281
5775.415059
1939.348401
1579.600146
9379.916095
180.3627538
2153.093273
30809.82686
89.52066315
133.2107628
1228.922893
2106.749501
232.0649274
1863.630363
6257.21235
1236.054652
397.0508957
785.8154464
6148.584732
4138.256583
2416.859445
712.7871106
4843.903047
467.6482802
526.6741178
992.6388334
65.35272648
2341.958051
683.1058206
5026.35339
289.4612053
39708.26083
109737.9954
2936.950177
920.0663788
126.9097056
4412.015026
1277.317518
2817.030935
1171.843767
4040.938366
796.1693807
10992.33591
2877.275491
150.395456
650.4676712
481.2188201
123.2907236
102.7978359
254.2199725
543.0613908
627.3479471
5972.725761
864.0257109
129.709936
132796.2224
558.328634
2822.95072
2679.150056
10628.76277
986.4770638
796.7990896
703.6937346
622.0291795
6295.272499
11401.42672
340.6953529
946.292065
1980.415019
1016.86586
1027.242808
2178.760189
1064.591798
1359.542961
6771.84232
8965.350094
1051.208427
1672.523738
757.1742683
615.7785901
3774.379986
16803.27705
2364.03296
3943.880279
2243.424226
1115.329839
84.39962746
241.807063
80039.16914
1091.705257
246.5202445
1055.454793
1258.32644
12705.96201
2665.643998
47.30284111
1297.416606
1228.951407
72793.34319
555.9300367
401.4114651
2003.799739
1925.680397
74.42332842
8265.319879
1841.149237
2177.529303
2100.779506
1038.157898
2160.487046
16717.88499
2541.406419
8619.59914
1216.690708
955.554157
785.0851252
4809.141851
722.2752387
730.2230527
9162.813065
9318.607869
823.094844
259.7544802
839.2341519
23318.37684
9610.09492
1676.405754
1247.945211
3449.367656
7692.082747
1636.283116
203.9309109
36106.8038
48191.40397
7133.227039
6161.408972
414.4944788
342.1325569
804.5170249
234.3613265
1512.090232
11166.86565
4299.913733
5000.266021
331.7605739
828.1424906
5972.297868
15617.50391
4502.307525
6898.529216
591.5184055
1301.188985
369.6085276
6239.696001
357.1294056
1000.08475
1426.295479
14820.77895
1801.035279
5173.109311
145.2132348
640.4325023
4410.304233
202.9133665
948.4987699
23818.31395
3225.958537
555.7516645
2620.937113
792.1545749
44733.86214
388.2604497
78.84553677
3405.933435
22399.26631
2159.764886
15703.0818
9642.169818
945.7365575
294.5884712
78.92287671
439.6631036
32475.0024
555.6080082
24881.91426
266.7691915
1746.829121
242708.0252
3959.80179
4744.693012
7460.952534
252.5661839
1400.323674
86649.83718
5354.792269
154474.0402
16969.5407
248.1093187
791.0633459
2515.985326
2582.666526
2006.128553
489.304316
115490.1045
1259.526249
349.5826972
1633.527628
447.3377622
13052.35302
1783.233559
8228.660994
33214.50504
46715.99004
895.4947006
359.3829851
36715.18731
799.5605913
115.4808403
2765.091951
91.71503904
32875.12148
54542.19048
1194.90884
1333.070557
13774.97908
25535.56622
11160.00464
194.5979704
4843.292561
37999.35987
496.6321781
355.373965
11498.83277
1261.470243
234.606872
4130.817273
5128.927652
2356.722281
1307.25003
1424.48183
24957.36132
1419.730359
1399.659075
12485.39818
373.995347
1136.789384
12179.43404
4594.754449
596.8205529
3393.720249
206.6583713
1882.162047
485.5156314
2685.332743
792.1818257
1248.573827
1229.108755
391.6812754
864.3706521
8498.92144
6569.280789
684.1902092
446.914615
1532.989106
11145.77939
479.6130894
116.390097
5203.668235
3437.050701
9979.268433
68.65673728
4703.205796
783.4518733
36065.15164
5630.100684
3168.545501
630.5096963
8115.80938
7238.858863
445.0983336
27620.46948
810.2315929
148.5657765
5222.98621
82.16540987
3465.777652
219.5138682
1679.23509
653.4623383
1811.021502
4252.464053
1659.609387
7966.268722
645.5310304
6133.875781
655.2119236
280.0303827
117692.9296
475.4564622
65.42692722
3849.457494
9544.250156
161.1969208
1295.13976
43.99593476
38699.23141
1769.383654
286.0086599
1026.802998
83944.37621
2695.850006
298.9689334
7453.141085
20507.98489
2945.272742
9635.250134
1926.402339
13779.82897
368.7596247
10897.1518
3476.293629
37488.33469
6642.589541
812.230127
351.7068333
1898.233353
191.9547703
1884.054959
103.0403791
1348.254462
567.3332696
34912.88429
3327.698249
253.7385915
416.2306892
4381.054846
3370.202444
43968.21977
760.6515748
558.9349911
2095.852842
253.8790123
7866.984934
437.574961
41.2786429
46033.45588
9819.9357
37833.74387
545.7511267
2177.846495
12409.33061
16938.11983
1294.589992
2338.78612
2414.046218
3614.940949
266.6255821
1683.109665
170365.3112
2796.879879
394.6472121
3734.331598
3861.952142
148.5122363
4231.314449
31186.95554
113.4577342
306.9441638
2412.661453
8126.453171
337.4261309
3479.450372
7314.761779
3742.83544
11988.92797
1729.025055
231.7109569
539.1732633
1735.994519
8402.892595
45883.49662
175.3515243
12160.52818
2210.491171
2314.166883
13517.7889
4941.401578
490.0343502
425.6388966
317.5122404
746.5390637
968.5748503
573.351213
348.1839526
547.3538758
712.305088
387.8511877
7619.477341
215.7850359
2220.020835
2796.025583
28617.37132
1189.285233
618.8530596
38282.05319
294.4198262
146.0781015
265573.3326
2901.545837
3145.798884
680.5922684
1571.915432
1297.553096
4895.770605
730.7900068
5425.093356
589.4865528
62.87331715
5852.554032
1695.465423
2097.920861
31986.49111
7567.60403
496.277183
1650.771614
639.834473
4151.150761
494.9944361
406.7878599
43365.06787
120734.0277
15434.53234
1692.610906
944.807558
1025.469967
2241.671554
3201.120989
2559.101707
1237.93548
815.5237702
192.9977791
199.6022065
331.1091563
63.61225047
254.264508
647.0214896
247.802252
2147.597538
2471.258659
7891.599089
1266.908389
2151.094288
2184.675261
8031.663256
462.5497872
1434.796401
312.3108742
895.7071415
6092.308292
11976.63376
6049.994469
2300.393717
2374.521922
549.1026236
7252.15567
456.9412869
715.3936319
41.03114954
3033.500361
185.9881642
957.2546756
3491.271871
7300.633495
876.0102431
1798.99549
4477.304843
567.7845804
468.963859
11731.84181
2159.495928
310.7089254
92249.75762
410.4595718
5200.374631
47162.58262
5162.267321
14072.39248
16086.20172
493.7440878
322.3625692
1837.364944
227.7450561
6409.651914
110973.0041
1001.602555
58294.40078
263.7837577
1332.44347
8203.450004
7674.646183
1728.197939
1094.452409
2079.822505
1209.358385
7856.228741
15495.33551
8337.029874
9360.886446
43931.03852
395.344717
131.4217046
700.9826314
2382.217131
277.2229707
1352.754147
1838.502872
49125.89851
2674.090043
42623.9707
317.9427311
26311.85508
5707.627576
20214.4833
361.3132772
380.600115
8290.843062
8811.740972
233.3488745
6336.678411
9121.950107
31449.29424
92719.63126
3761.103832
81.56295263
441.8125121
267098.1832
2937.650656
3174.550117
1504.151046
968.0860374
258.4399457
2037.639072
819.4577158
16114.47251
230.4859571
1084.261732
1123.371624
353.7321498
16760.94857
200.904894
2030.514884
1931.748516
346.8128801
4223.068922
90.19552248
6979.510049
6946.243656
43.72843292
1582.29148
315.4634945
5839.13366
861.8579424
411.6182637
45266.22754
118260.2495
253.251303
4289.538673
4700.022685
5354.890543
699.2673752
1422.925886
327.9609459
6107.387825
502.0665126
156.5631109
987.7975032
330.8686846
1749.513399
18036.84945
1344.140385
260916.9938
182.4703071
430.0986663
2484.389395
681.0768061
146.4254241
536.5132518
412.5820361
722.7545076
1045.464512
7316.33886
506.509695
2573.942671
564.4375944
655.1427498
43.89645488
387.132984
880.1974034
2498.549722
15817.2082
2043.271694
1244.48569
2388.284103
573.7170385
567.6132578
147.9803668
1005.902843
8575.897276
5377.224356
1121.851683
386.7795929
7579.308205
2872.226534
3991.507239
265.6816994
448.2529745
734.2967594
38421.73833
273.5103289
12837.4508
8064.556864
785.5516103
5976.641453
594.6912978
15174.78585
1371.778525
1223.733359
1923.948859
3152.828386
631.215721
2391.369643
2302.547863
1729.066279
380.8207949
94.15321192
4178.786612
60266.49644
7661.578324
1705.252059
6061.138167
3143.045216
587.0752644
2016.922458
2526.506249
1144.086535
4730.730813
426.4375542
705.8150527
677.306935
9707.490483
85.09346004
8566.653229
3171.850867
11309.4893
8084.950795
18025.43043
859.613735
3608.106583
25169.71557
602.4739732
21438.41226
382.1330932
233.8539373
187.3820991
454.3466494
816.5026649
590.3876851
3126.823068
324.5922131
5228.001793
1681.357186
1679.346087
3358.203132
4423.352612
7280.42156
3272.241821
3568.460601
8680.646902
7577.014957
16710.79907
1294.704804
5129.120345
233011.4491
10646.66502
1104.580409
661.848821
1106.216944
739.0215747
498.2463194
9042.632663
1041.34374
637.5331583
16902.1441
46212.15937
13815.81346
135.7152
14401.66613
4881.358705
6309.126476
19217.81217
362.2822164
2395.783964
2044.083939
652.8617059
1941.00216
12728.11655
3596.679725
298.079227
60.88437698
13359.36447
211965.2646
812.6934755
8316.602365
6932.32449
1322.397321
2159.573556
540.6992482
1450.320896
228.0495166
3934.964576
47517.43655
2001.787149
524.7082421
1748.857549
13339.13453
887.5329029
5518.544533
9871.110913
105.8516316
759.4471709
330.8528301
347.6828183
348.234152
4097.768926
586.1981284
178.0468368
4645.535318
244.3729923
3127.07227
999.7639392
5467.091418
1102.428699
1218.773493
10390.28781
2115.888828
2252.491955
1853.248098
40537.2772
518.9958249
26637.60472
3438.430484
1947.342223
753.1763835
1414.010177
436.7534905
3757.520097
257.6967514
787.9976381
292.4956139
265.8766156
1506.835285
13156.89111
191.7020626
226.0201761
2974.91676
23374.99387
4769.581259
233.4247556
9634.352967
736.9615574
461.4813765
1163.918284
2000.55893
1119.448271
3382.34459
2412.957313
65.7493462
1545.99707
893.6023167
7589.347839
554.0515157
17201.24601
2037.762943
1983.452144
1518.770864
97.4842457
901.1701571
2852.415157
588.9269261
1740.674203
66066.58541
1671.281976
2273.448161
1149.366793
583.4279795
1716.675317
3037.851453
4671.73199
240.8372896
287.5515639
187.804453
9287.302773
49.35929801
51.07440965
4520.18403
5192.440699
1517.574008
1112.107357
664.6334381
508.3086417
324.2053123
2091.440468
214.7959224
1089.811107
3030.055069
220.1391605
338.6274186
1261.751133
1311.307
22233.27447
4982.731656
258.330685
20539.59204
7249.215078
337.0888321
637.4903971
2205.469414
7651.720461
755.4674934
1088.990762
1674.530968
195.0333866
201006.4768
331.3847977
60.34122513
39799.22784
447.1581063
606.750497
1191.693883
6468.596786
537.4142868
6435.087827
1699.369977
661.5070716
3529.441132
5055.871596
842.3406658
814.7714626
307.3093544
1523.644614
5334.429731
7041.024561
5689.846353
12664.00051
5088.439838
1068.727473
11848.23743
360.9846152
288.0414717
2476.416551
61.68945418
3250.828288
17545.05037
958.4522763
4967.645363
45.54789981
14077.94618
9914.935751
3948.441051
3458.684393
7604.191407
6982.512465
3736.320045
258.1101648
531.6927068
922.4719413
1351.003474
534.3071024
837.7768913
41.53881287
2608.07625
839.5000346
231.5713665
309.02753
155.0037178
1345.901376
10669.64404
331.3529577
4958.042727
3289.826569
265.3200688
219.4355615
567.1772175
218.0119098
4973.85649
2641.31774
15071.56956
900.1363564
204.6598746
7179.461354
484.2215037
127.1231717
559.2761512
1252.89165
3609.302894
2767.275499
4053.982271
167.5341332
1473.446119
947.5711527
15762.74633
1740.909681
3180.91268
759.3650861
1475.358869
260711.3368
3773.313671
8154.006987
18760.3793
2881.829282
66689.50934
1700.690955
1029.930829
1550.805965
2627.686292
199.2539213
739.6829015
13882.22196
1658.916966
2771.908576
249.8818402
284.1136933
33755.92152
1124.916897
254.4630406
319.3809353
13022.39435
11536.46409
1642.344454
1518.008721
904.035236
2237.464475
3862.175634
323.6831581
2365.766979
183.9415
823.1611113
1116.844573
1696.30291
1087.817603
357.7756984
3740.21537
3572.020244
11155.55779
10325.75552
518.0591821
1343.831694
138.1968564
45390.76422
1456.656864
3542.631604
438.1317115
1252.108463
950.4014794
3322.648981
274.0269021
244.111708
6240.794483
13804.67578
8537.997001
3214.441591
1189.590899
49749.66721
5467.825605
390.0053026
1274.481149
1762.889267
20737.00028
4085.09141
14641.86809
206.6131619
332.0754607
11207.15462
206.4513176
12170.76683
70.1940351
8986.831059
2007.462474
76391.54227
490.3184265
3834.60665
1531.115601
14123.41582
96445.80707
2190.101383
1056.256389
271.8385114
352.933545
49106.85067
256.3246569
278.2252479
1257.684721
25520.67671
1678.524377
443.5518662
365.8459391
3163.647261
96.76862975
82474.5046
766.6342788
5058.230817
2687.219549
465.3149828
34427.56895
11994.45003
53.30495462
3771.152419
4280.444775
6910.377706
17073.76309
13058.09071
984.4106856
76.94737737
1479.191616
8006.466151
336.5395846
1745.618873
2229.136831
33838.19787
25492.83123
1204.318928
514.5645379
1283.25976
12725.48729
31712.625
6447.795398
258.6867112
2201.710839
219.8886179
651.8686795
125093.4551
856.8466482
48237.54383
7424.522514
12564.81894
266796.2509
8109.387336
767.3112025
3452.454915
84.68135393
177.9688553
8808.723258
5684.891986
1043.869009
605.7294952
9278.769502
1022.027965
2164.010305
3948.853722
2281.593961
28833.90545
2739.076012
4928.919651
1503.024298
24452.34842
2081.213896
528.7663435
19638.53013
312.1226831
88.5535444
46463.24956
816.4817205
4484.705701
95.31450041
268.6133342
565.980608
1005.613103
214.9111067
1298.475468
1601.944362
525.5373479
5747.960874
3017.583407
1383.541523
655.3026055
241.849372
12153.61917
6918.670799
40442.815
653.3376802
6946.808466
10633.13647
124.1162848
207.3033629
388.1325532
1965.927256
1006.014473
8047.106845
2261.404636
233.4090052
267.1996021
1628.122541
46468.49348
6317.429775
276.1994258
272.0532914
267618.4292
985.8189302
689.5924255
8984.859439
21133.56025
13542.79958
2790.022047
3994.807811
1197.81033
246.4563782
929.6020474
2405.994039
1395.028946
10765.89752
40648.94522
40731.99854
1348.432232
1037.568955
70.60582322
31737.16132
82323.23812
137.9490987
4359.212197
515.9624843
534.2224262
13924.96583
2394.96143
419.0577446
3076.738037
11490.69188
475.5258234
11402.33617
1124.896566
404.9065548
3143.206641
240.8859429
1832.252628
1846.988176
1791.561497
99618.05753
1054.452314
6321.566549
1899.227537
66.9581503
96.27196942
2897.443903
1189.156718
4205.087267
324.5912806
496.2269401
375.0907861
844.9178183
8545.884577
2113.117491
1327.762426
1276.331073
1177.303515
1300.531627
826.8930081
3742.329239
6313.116917
1173.833833
444.5536509
736.889441
755.8036196
708.5563855
397.1109823
985.2646967
1627.84591
914.4602845
253.4314062
1853.059191
1074.211679
283.9060975
401.4283041
76.10013361
2014.809604
724.7466827
1027.592705
29321.84993
7438.145344
769.8571819
1843.548211
270.1849071
6775.916544
668.6493289
7377.916748
1576.545858
1579.404633
338.1810493
4041.749064
946.2912767
780.4333308
4466.805099
2181.247011
616.305382
23535.23308
147.9152417
4959.73396
1501.670449
33850.83761
6740.80555
110.3601877
865.921612
250.0296447
494.4516708
1227.074268
1275.808871
38732.2818
445.9018381
46426.05291
113142.4624
345.2947016
459.8117014
7496.555703
463.6664113
3974.617814
1169.798916
80.76547635
2049.899352
616.3101301
57.15616337
334.9910921
416.7959271
329.6681677
8993.958955
43.12260042
2611.895879
2962.56672
6104.357331
1548.931947
91027.40525
48.13801606
42847.21049
1451.186901
597.7382812
49657.07674
12655.70706
9239.259562
6924.000746
3238.017463
224446.6946
1960.163365
392.5271771
614.2103219
205.2956721
1118.290019
548.4329668
325.0037949
339.2280153
355.2828651
17685.29984
7122.200403
415.824201
343.474259
2481.187913
2422.511344
5628.106442
289.9516473
16011.02774
105.3866783
26869.44785
263.088773
4392.39446
2531.867139
3940.562017
574.381263
2089.855437
512.7387817
1743.035104
726.2022605
211.2182834
182.0389761
48.82098746
300.2615535
265758.9983
227.1617605
11774.74743
427.1133649
874.65539
856.5861674
1418.874734
73.07236574
7119.40501
1194.214788
43206.39216
6227.326953
94.59525942
1856.164113
823.1990715
1256.372034
11027.57792
155.0510349
2971.026879
2902.967504
44.75381112
112983.7896
2638.311451
39716.37603
17694.61169
57615.67927
115547.8618
527.2491111
156.6016275
1263.377863
1706.975643
5719.001086
406.0339066
143.261331
841.3413451
7233.321895
1274.441168
4024.743708
329.112287
1570.025641
509.9614771
317.2359142
280.6278186
503.0693165
13459.51569
896.7657726
6272.48801
37960.08972
29693.93786
5146.710636
1608.353074
346.6912464
837.4331783
214.617106
343.3199859
2233.614965
367.8488454
93.18242509
826.3515006
247.3351276
37007.06167
10801.1818
1362.071076
281.2732268
5756.799945
904.1792934
344.9283026
1530.81972
397.5219831
362.342309
1131.156834
3524.567533
1594.879568
4371.201448
1465.464352
4927.500814
8140.108261
385.1826147
2201.581124
1270.478255
717.2390774
40310.99258
12829.07678
1539.670748
1047.528205
77.45796763
277505.6161
37524.03049
1222.388882
18485.59029
1227.361607
575.7468556
936.607034
111.4232225
6851.242493
57.7428032
187.1067652
3987.847741
831.1873466
3824.607453
138.4544119
4914.837224
6301.140682
923.3445117
10533.1893
234.3269427
68.47587422
5131.351601
133.8676785
4853.819777
105.9809485
90.44675197
3263.680386
600.4104497
21161.19733
1749.423669
46767.05311
539.168029
620.7768
1428.630743
834.6438203
3166.753559
53.79263193
1225.897763
324.7942687
1327.350946
45837.94145
28075.71366
6731.371012
87.98630279
7365.321407
412.8833821
153.6714195
126.1408668
7023.595815
20784.68412
1900.919012
272.0684328
3159.975358
29101.68162
17225.68511
26242.64471
2423.311463
2768.739916
8826.127363
2449.208905
73.68868441
4572.8083
346.5871218
29816.40398
69.13699248
8820.351137
108884.4695
5520.264973
475.179634
2350.038949
130638.0899
159.3433437
210.994263
2011.45917
308.9537043
444.1049343
4824.895356
1617.498743
614.6391642
1477.42009
8028.910032
84.3227825
3233.134104
2364.354538
876.5485764
4527.836998
599.3629996
521.7953135
305.679075
1014.865133
52736.54309
685.1300909
262.3288395
115189.4462
860.2456846
7348.997521
113.6508472
1221.327127
1753.880822
98.51595399
101190.7888
1398.529951
1658.7855
905.4193046
41964.88802
4673.982931
5102.195414
45582.05007
25662.6972
1574.132748
3562.804372
12800.75102
8032.441455
3143.812509
2991.575062
3194.134033
719.8061902
292.9442339
369.2188727
13516.07083
1095.7165
2624.251899
330.7602302
16865.21431
397.2955269
569.1173269
811.2471362
255.8979167
997.1932294
769.953466
338.3066398
10592.07129
6951.305656
1318.652604
304.4284931
18392.02011
5274.327503
256.7801405
1560.242168
70.92591163
946.1343902
1254.589627
195.0264802
2512.019265
11019.87364
1070.246688
1449.808352
4798.653117
9647.79361
1515.782899
369.0613473
1872.937025
780.8368339
1429.880558
27801.89134
7092.644656
130379.181
253.2417235
1711.110016
21086.18718
1392.161745
1155.970631
1219.738839
488.2619434
231994.4437
306.7219264
264.4281832
2033.242399
5481.856228
3691.556293
174036.1275
107888.8498
108.7341104
1751.462742
1817.574615
2995.1524
26971.60505
1659.096539
1241.264213
10768.04387
17111.23653
5603.547344
34833.70904
46050.19441
862.0631183
1781.723016
210.4842766
3990.605662
15829.50136
3660.516769
10376.14404
42.69947473
3714.551837
4301.715454
274.7503906
13005.34958
159.9716929
1045.735006
1315.308613
7704.904662
712.6867112
205.7046567
290.6548562
4475.838191
377.1281777
3455.695308
403.7298259
5791.065635
2628.066756
3350.469659
17889.24748
482.167146
463.0884076
7265.232178
562.9189784
2430.72347
3063.842648
389.4026996
272.3443865
17271.53117
888.8308048
908.0538619
4095.263777
2097.010803
379.9812286
363.8338556
12741.52728
48558.82799
71787.79
8603.035993
223.9256966
1091.164483
1379.274147
3354.159115
15828.38849
3955.800135
44209.71683
255065.8859
4507.767544
49729.85297
1208.778477
207.5246073
291.7334437
566.4737591
3187.282327
771.6961404
1109.228372
2171.372743
266.6590264
222.6791141
8091.432685
929.592141
1070.813804
398.8011024
387.482485
2117.015592
7131.764196
203.309552
512.653966
403.6284585
229.8904648
2614.579062
59361.43836
7299.665996
274.5507792
9975.776486
277.969428
461.4377348
415.7097615
49630.03663
3335.753411
296.8373527
768.0977675
69.11228815
152943.4915
7187.782033
457.2397988
7903.652738
2951.764556
5154.53893
605.1310201
311.2282271
10066.37255
277471.4848
210.644632
2393.006973
7405.068205
2947.559609
4256.606513
209.0894271
471.9257695
3514.888186
142.3481089
216.2666757
365.3220474
31186.72859
137115.5343
594.6499595
30904.00377
2834.20225
1354.585833
15056.29925
435.9722088
48214.84422
1411.265025
804.2235128
2267.539769
784.1400362
46013.76884
1746.812177
31154.18111
1091.266508
209.3141726
719.0628932
267.9305354
3663.858338
9419.087194
1015.839242
823.3574406
885.7507012
70.2510571
1397.984555
572.7924189
2016.931906
569.801872
4586.644789
12667.00117
1945.86432
151.1319474
5432.650955
6615.419508
1245.161525
11092.95293
42794.01335
280.1055017
1539.24588
21888.58376
2191.974029
854.1967723
834.6624042
474.3353355
417.164666
356.0366374
97.41417633
257.2459416
6662.377288
7781.771358
1134.829972
413.3051314
515.6881461
812.8693977
4780.13405
538.0526123
25784.49484
3428.39261
2998.321377
2213.192099
11072.2958
483.5022562
2722.799162
277.0285047
731.162417
617.7674498
222.0691573
16087.28243
16577.39349
10769.79585
408.5440433
49793.7181
116.8908831
7626.494743
4802.632047
2467.180405
1751.398355
6872.920436
1001.735171
40612.77828
341.5768404
219.4337155
7162.596155
1066.361827
971.4497034
313.684667
1208.90038
3023.645762
2071.707844
3833.927908
42950.42029
1982.213001
1038.510063
1752.91734
846.5149502
11381.96472
179.225337
1712.002175
6094.759733
8623.675437
143.269948
301.2047517
1403.425867
102548.3084
417.3887669
1438.459862
905.7768933
334.8050156
632.236136
9979.864771
848.7838677
2463.809441
5807.210199
7498.541557
195.0625422
407.0712657
391.8598286
835.8360306
798.9196848
1277.879805
30555.91285
72.19474296
619.9393858
4080.253766
733.3462207
889.2460255
127278.0765
4250.712806
10004.07241
528.0636209
8411.808076
3281.409039
29582.17231
1659.839741
735.5905546
261.8893847
1386.94986
271.9468236
326.2295221
1565.423819
13629.36231
1392.797522
168.7073043
620.2107998
1175.775479
7605.100444
1044.683069
4492.901476
1876.722898
2854.191991
465.6058748
10744.45546
249.4338083
1810.988118
5838.298279
1029.251576
12205.06743
328.2783985
2200.390528
706.6168487
2959.130526
1225.049098
9262.439842
157585.5418
10172.63632
44.02362109
4935.73366
26879.39546
1130.954458
5185.041361
10558.20485
14768.84228
1188.655306
64222.09489
140.2103324
809.1014525
49790.5999
2398.92194
6686.342284
756.5109656
1586.328304
6441.778811
14859.32057
196.3253101
811.6604056
2503.780233
1288.181444
7883.628515
21908.14403
746.0064486
331.6078148
43291.387
1278.010897
447.7229156
4060.57618
3635.18873
398.1166066
689.9643649
1255.328788
266203.0337
13540.08375
4401.613788
1291.531953
1244.062979
328.9218724
1703.842916
1338.395932
5103.027508
761.8601186
2470.698156
116.4620686
196.8502477
1403.165873
299.9474207
1572.777058
7634.026243
1235.97868
411.4425924
3587.388609
1059.077688
184.4953251
2359.351663
256.3706133
8219.818997
2248.520022
233.1119621
478.7680129
1086.322621
975.1947663
9450.145098
2437.792357
1449.070486
7186.549378
8856.376319
807.3425309
241.745561
654.0478206
272.844023
5731.617593
1117.504033
524.4924345
718.1884608
22999.22246
281.8497775
87.41869683
66.31608578
227.1305094
5738.324873
1646.345017
5652.756911
664.6640671
519.098497
1279.854502
338.417062
4485.594988
441.1724473
118872.223
3069.849085
219.7427816
3581.766559
12352.2293
2320.800513
215.348333
1445.206936
1966.014038
819.3920794
287.6691022
2352.241231
6686.565914
39343.92881
1645.389329
4897.051699
1136.500068
548.6161098
906.4679192
5602.460254
42876.64342
8923.728178
6213.519206
28647.26609
1084.007278
7583.707902
22570.43331
1053.660437
14292.83028
2955.429675
3923.596104
2358.286082
9492.759888
3630.321587
30069.81616
1904.42546
490.749219
33743.06413
415.2283393
92.86158872
8559.010646
1319.817506
1250.89564
17452.36943
1394.850508
